ARG="20 19 18 17 16 15 14 13 12 11 10 9 8 7 6 5 4 3 2 1 0 -1 -2 -3 -4 -5 -6 -7 -8 -9 -10"; ./push_swap $ARG | wc -l

ARG="90 89 88 87 86 85 84 83 82 81 80 79 78 77 76 75 74 73 72 71 70 69 68 67 66 65 64 63 62 61 60 59 58 57 56 55 54 53 52 51 50 49 48 47 46 45 44 43 42 41 40 39 38 37 36 35 34 33 32 31 30 29 28 27 26 25 24 23 22 21 20 19 18 17 16 15 14 13 12 11 10 9 8 7 6 5 4 3 2 1 0 -1 -2 -3 -4 -5 -6 -7 -8 -9 -10"; ./push_swap $ARG 

ARG="90 88 86 84 82 80 78 76 74 72 70 68 66 64 62 60 58 56 54 52 50 48 46 44 42 40 38 36 34 32 30 28 26 24 22 20 18 16 14 12 10 8 6 4 2 0 -2 -4 -6 -8 -10 -9 -7 -5 -3 -1 1 3 5 7 9 11 13 15 17 19 21 23 25 27 29 31 33 35 37 39 41 43 45 47 49 51 53 55 57 59 61 63 65 67 69 71 73 75 77 79 81 83 85 87 89"; ./push_swap $ARG

ARG="3797 1697 65 9732 6462 2335 7551 5565 2316 1615 1561 3249 6331 332 2642 3025 8922 3463 8570 2248 1402 9279 6598 4403 7720 9677 168 628 93 2967 4701 8158 3849 2341 9103 95 599 7655 1439 8350 7507 7668 8706 4232 3096 2430 5200 7098 6496 6136 9419 1672 3952 5382 4979 5048 4284 7684 9785 6895 9208 1473 2515 1617 4321 5521 6016 4822 3008 8868 5480 2202 1626 8671 2961 1563 8484 2207 2178 192 410 8304 46 5337 3504 965 1038 284 6803 7651 8776 938 5331 6342 403 2826 2370 6667 7188 6369"; ./push_swap $ARG
790

ARG="3215 4534 391 3294 8584 4096 841 6239 7061 2992 6491 1350 2750 8457 9410 3106 67 9716 1262 7917 7359 6655 1129 1200 740 2081 1847 4727 3155 9612 1763 4379 9011 3262 5683 3348 8144 5073 7435 7759 2460 2974 2034 2007 681 4903 6084 1951 1960 3848 3280 5257 5356 1331 9938 8942 8478 4405 991 9375 9644 3516 3727 9908 2668 8297 9134 3602 7925 3048 915 9574 1730 1137 4661 6371 1828 1653 9898 3043 7724 3892 9554 8967 7935 9706 6756 3661 1444 2584 3971 3773 1263 1039 2321 7828 8654 386 5038 397"; ./push_swap $ARG
802